18
4 0 0
5 1 0
6 0 1
7 1 1
8 0 2
9 1 2
10 2 0
11 3 0
12 2 1
13 3 1
14 2 2
15 3 2
16 -1 -1
17 -1 -1
18 -1 -1
19 -1 -1
20 -1 -1
21 -1 -1
0
0
0
0
2
0 2000 6800 0 30
2 6000 6800 0 30
2
1 8637 6657 0 22
3 1374 8262 0 21
12
2 10
2 7
1 4
1 7
1 10
1 13
1 9
3 11
3 6
3 5
3 12
3 8
2
7 6513 7311 -197 37
18 2657 7196 -462 -279
30
0 4 TR
0 6 BR
0 7 BR
0 8 BL
0 9 BR
0 10 TR
0 11 TR
0 14 BR
0 15 BR
0 16 BR
0 17 BR
0 18 BR
0 19 BR
0 20 TL
0 21 TR
2 4 TR
2 6 BL
2 7 BR
2 8 BL
2 9 BR
2 10 TL
2 11 TL
2 14 BL
2 15 BL
2 16 BL
2 17 BR
2 18 BL
2 19 BR
2 20 TL
2 21 TR
